0 1
00000000000000000000000000000000000000000000000000
00000000000000000000000000000000000000000000000000
00000000000000000000000000000000000000000000000000
00000000000000000000000000000000222222222220000000
00000000000000000000000000000022211111111120000000
00000000000000000000000000000021111111113120000000
00000000000000000000000000000021211111111120000000
00000000000000000000000000000021222221222220000000
00000000000000000000000000000021200021200000000000
00000000000000000000000000000021200021200000000000
00000000000000000000000000000021200021200000000000
00000000000000000000000000000021200021200000000000
00000000000000000000000000000021200021200000000000
00000000000000000000000000000021200021200000000000
00000000000000022222220000000021200021200000000000
00000000000000021111120000000021200021200000000000
00000000000000021111122222222221222221200000000000
00000000000000021131111115111114111111200000000000
00000000000000023111122222222221222222200000000000
00000000000000021111120000000021200000000000000000
00000000000000021111120000000021200000000000000000
00000000000000022212220000000021200000000000000000
00000000000000002212222222000021200000000000000000
00002222200000002111111112022221222000000000000000
00002111222222222131111112221111112000000000000000
00002111111111131111111111131111112000000000000000
00002111222222222111111112221111112222222222000000
00002111111111111111111111111111111111111112000000
00002311222222222222212222222222222222222212000000
00002111200000021111111120000000000000000212000000
00002111200000023111111120000000000000000212000000
00002111200000021111311120000000000000000212000000
00002222200000021111111120000000000000000212000000
00000000000000021111111120000000000000000212000000
00000000000000021111111120000000000000000212000000
00000000000000021111111120000000000000022212220000
00000000000000021131111120000000000000021111120000
00000000000000021111111120000000000000021111120000
00000000000000022222122220000000000000021111120000
00000000000000222222122220000000000000022222220000
00000000000000211111111120000000000000000000000000
00000000000000211111113120000000000000000000000000
00000000000000211111111120000000000000000000000000
00000000000000222222222220000000000000000000000000
00000000000000000000000000000000000000000000000000
00000000000000000000000000000000000000000000000000
00000000000000000000000000000000000000000000000000
00000000000000000000000000000000000000000000000000
00000000000000000000000000000000000000000000000000
00000000000000000000000000000000000000000000000000
