0 0
00000000000000000000000000000000000000000000000000
00000000000000000002222222200000000000000000000000
00000000000000000002111111200000000000000000000000
00000000000000000002311111200000000000000000000000
00000000000000000002111111200002222222000000000000
00000000000000000002111111200002111112000000000000
00000000022222222222111111222222111112000000000000
00000000021111111111111111111111113112000000000000
00000000021222222222111111222222111112000000000000
00000222221222200002222122200002111112000000000000
00000211111111200000002120000002111112000000000000
00000211111131200000002120000002221222000000000000
00000211311111200000002120000000021200000000000000
00000211111111200000002120000000021200000000000000
00000213111111200000002120000000021200000000000000
00000222251222200000002120000000021200000000000000
00000000211200000000002120000000021200000000000000
00000000211200000000002120000000021200000000000000
00000000231200000000002120000000021200000000000000
00000000211200000000002120000000021200000000000000
00000000211200000000002120000000021200000000000000
00000000211200000000002120000000021200000000000000
00000000211200000000002120000000021200000000000000
00000000211220000000002120000000021200000000000000
00000000211120000000002120000000021200000000000000
00000000211320000000002420000000023200000000000000
00000000211120000000002120000000021200000000000000
00000000211120000000002120000000021200000000000000
00000000211122222222002120000000021200000000000000
00000000211122131112222122222222221200000000000000
00000000211122111111111111111111111200000000000000
00000000231122111112222122222222222200222222220000
00000000212222111112222122222222222222211111120000
00000000212002221111111111113111111111111111120000
00000222212222022222222122222222222222211111120000
00000211111112222222222120000000000000222212220000
00000211111111111111111120000000000000000212000000
00000211111112222222222220000000000000000212000000
00000211111112000002222222222200000000000212000000
00000222222222000002111111131200000000000212000000
00000000000000000002111111111200000000000212000000
00000000000000000002111111111200000000000212000000
00000000000000000002111111111222222222222212000000
00000000000000000002111311111111111111111112000000
00000000000000000002111111111222222222222222000000
00000000000000000002111111111200000000000000000000
00000000000000000002111111111200000000000000000000
00000000000000000002111111111200000000000000000000
00000000000000000002222222222200000000000000000000
00000000000000000000000000000000000000000000000000
